103
109
156
192
159
140
110
147
147
103
126
150
164
115
150
141
106
25
122
133
146
196
143
133
197
124
165
126
179
130
106
183
132
139
111
166
183
111
148
184
132
108
142
1000252
1000264
187
128
185
161
110
174
129
154
155
157
178
100
161
185
120
114
178
156
194
151
105
162
112
113
179
190
136
136
109
156
197
126
100
130
178
178
106
150
145
133
145
116
134
166
139
149
134
128
130
103
182
183
159
191
184
184
188
103
143
111
100
186
172
116
197
117
111
194
181
182
133
144
115
197
162
130
155
188
118
149
160
118
150
156
189
163
131
132
191
131
112
135
123
109
174
166
176
177
119
129
106
148
162
145
184
195
156
133
101
150
166
190
167
171
139
165
177
156
100
110
1000300
1000438
109
138
104
149
163
148
194
195
133
179
136
108
197
161
127
131
170
189
150
192
134
106
121
180
162
145
191
174
189
114
132
150
186
198
142
113
